[gd_resource type="SkeletonProfile" format=3 uid="uid://bo8lncb0v0cu6"]

[resource]
group_size = 1
bone_size = 65
groups/0/group_name = &""
bones/0/bone_name = &"mixamorig1_Hips"
bones/0/bone_parent = &""
bones/0/tail_direction = 0
bones/0/reference_pose = Transform3D(1, 0, 0, 0, 0, 1, 0, -1, 0, -2.28882e-05, 3.00788, -99.7544)
bones/0/handle_offset = Vector2(0.499965, 0.510848)
bones/0/group = &""
bones/0/require = false
bones/1/bone_name = &"mixamorig1_Spine"
bones/1/bone_parent = &"mixamorig1_Hips"
bones/1/tail_direction = 0
bones/1/reference_pose = Transform3D(1, 0, 0, 0, 0.992705, 0.120572, 0, -0.120572, 0.992705, 0, 9.71722, -1.18021)
bones/1/handle_offset = Vector2(0.499965, 0.516821)
bones/1/group = &""
bones/1/require = false
bones/2/bone_name = &"mixamorig1_Spine1"
bones/2/bone_parent = &"mixamorig1_Spine"
bones/2/tail_direction = 0
bones/2/reference_pose = Transform3D(1, 0, 0, 0, 1, -3.72529e-09, 0, 3.72529e-09, 1, 0, 11.4201, 1.73151e-05)
bones/2/handle_offset = Vector2(0.499965, 0.523789)
bones/2/group = &""
bones/2/require = false
bones/3/bone_name = &"mixamorig1_Spine2"
bones/3/bone_parent = &"mixamorig1_Spine1"
bones/3/tail_direction = 0
bones/3/reference_pose = Transform3D(1, 0, 0, 0, 1, -2.6077e-08, 0, 2.6077e-08, 1, 0, 13.0516, 9.53674e-07)
bones/3/handle_offset = Vector2(0.499965, 0.531753)
bones/3/group = &""
bones/3/require = false
bones/4/bone_name = &"mixamorig1_Neck"
bones/4/bone_parent = &"mixamorig1_Spine2"
bones/4/tail_direction = 0
bones/4/reference_pose = Transform3D(1, 0, 0, 0, 0.992704, -0.120572, 0, 0.120572, 0.992704, 0, 14.6831, -6.86646e-05)
bones/4/handle_offset = Vector2(0.499965, 0.540713)
bones/4/group = &""
bones/4/require = false
bones/5/bone_name = &"mixamorig1_Head"
bones/5/bone_parent = &"mixamorig1_Neck"
bones/5/tail_direction = 0
bones/5/reference_pose = Transform3D(1, 0, 0, 0, 1, -5.44696e-09, 0, 5.44696e-09, 1, 1.81899e-12, 6.7202, 1.97216)
bones/5/handle_offset = Vector2(0.499965, 0.530732)
bones/5/group = &""
bones/5/require = false
bones/6/bone_name = &"mixamorig1_HeadTop_End"
bones/6/bone_parent = &"mixamorig1_Head"
bones/6/tail_direction = 0
bones/6/reference_pose = Transform3D(1, 0, 0, 0, 1, -3.55271e-15, 0, 3.55271e-15, 1, 0, 20.9998, 6.16276)
bones/6/handle_offset = Vector2(0.499965, 0.499544)
bones/6/group = &""
bones/6/require = false
bones/7/bone_name = &"mixamorig1_LeftShoulder"
bones/7/bone_parent = &"mixamorig1_Spine2"
bones/7/tail_direction = 0
bones/7/reference_pose = Transform3D(-0.0376039, 0.964558, -0.261178, -0.000195831, -0.26137, -0.965239, -0.999293, -0.0362455, 0.0100173, 6.14012, 13.0009, -0.233709)
bones/7/handle_offset = Vector2(0.531039, 0.54086)
bones/7/group = &""
bones/7/require = false
bones/8/bone_name = &"mixamorig1_LeftArm"
bones/8/bone_parent = &"mixamorig1_LeftShoulder"
bones/8/tail_direction = 0
bones/8/reference_pose = Transform3D(0.999536, 0.0298509, 0.00600511, -0.0304489, 0.979906, 0.197119, -2.50293e-07, -0.197211, 0.980361, -8.83937e-05, 13.006, 7.92742e-06)
bones/8/handle_offset = Vector2(0.594527, 0.541153)
bones/8/group = &""
bones/8/require = false
bones/9/bone_name = &"mixamorig1_LeftForeArm"
bones/9/bone_parent = &"mixamorig1_LeftArm"
bones/9/tail_direction = 0
bones/9/reference_pose = Transform3D(0.993622, -0.112216, -0.0110895, 0.112763, 0.988806, 0.0977135, 3.80911e-07, -0.0983407, 0.995153, 6.31809e-05, 25.5608, 7.16448e-05)
bones/9/handle_offset = Vector2(0.72331, 0.548773)
bones/9/group = &""
bones/9/require = false
bones/10/bone_name = &"mixamorig1_LeftHand"
bones/10/bone_parent = &"mixamorig1_LeftForeArm"
bones/10/tail_direction = 0
bones/10/reference_pose = Transform3D(0.972897, -0.0308369, 0.229173, 0.0553916, 0.993293, -0.101496, -0.224506, 0.11144, 0.96808, -2.90871e-05, 23.4042, -9.23872e-06)
bones/10/handle_offset = Vector2(0.841567, 0.543858)
bones/10/group = &""
bones/10/require = false
bones/11/bone_name = &"mixamorig1_LeftHandThumb1"
bones/11/bone_parent = &"mixamorig1_LeftHand"
bones/11/tail_direction = 0
bones/11/reference_pose = Transform3D(0.865114, -0.487128, 0.119518, 0.501576, 0.840195, -0.206141, -1.6205e-06, 0.238283, 0.971195, -2.86769, 3.9358, 1.18836)
bones/11/handle_offset = Vector2(0.859662, 0.528476)
bones/11/group = &""
bones/11/require = false
bones/12/bone_name = &"mixamorig1_LeftHandThumb2"
bones/12/bone_parent = &"mixamorig1_LeftHandThumb1"
bones/12/tail_direction = 0
bones/12/reference_pose = Transform3D(1, 3.17268e-07, -4.84621e-07, -3.94263e-07, 0.985752, -0.168204, 4.2435e-07, 0.168204, 0.985752, -0.405414, 3.98956, -1.40071e-05)
bones/12/handle_offset = Vector2(0.874138, 0.51617)
bones/12/group = &""
bones/12/require = false
bones/13/bone_name = &"mixamorig1_LeftHandThumb3"
bones/13/bone_parent = &"mixamorig1_LeftHandThumb2"
bones/13/tail_direction = 0
bones/13/reference_pose = Transform3D(1, 4.02571e-07, -6.21968e-07, -4.02092e-07, 1, 0.000770785, 6.22279e-07, -0.000770785, 1, -0.0373065, 3.59999, -4.47035e-05)
bones/13/handle_offset = Vector2(0.887189, 0.50731)
bones/13/group = &""
bones/13/require = false
bones/14/bone_name = &"mixamorig1_LeftHandThumb4"
bones/14/bone_parent = &"mixamorig1_LeftHandThumb3"
bones/14/tail_direction = 0
bones/14/reference_pose = Transform3D(1, 7.45058e-09, 7.07805e-08, -7.45058e-09, 1, -5.21541e-08, -7.07805e-08, 5.21541e-08, 1, 0.442707, 2.97905, 7.15256e-07)
bones/14/handle_offset = Vector2(0.899381, 0.501924)
bones/14/group = &""
bones/14/require = false
bones/15/bone_name = &"mixamorig1_LeftHandIndex1"
bones/15/bone_parent = &"mixamorig1_LeftHand"
bones/15/tail_direction = 0
bones/15/reference_pose = Transform3D(0.993147, -0.116786, 0.00442518, 0.116869, 0.992435, -0.0375992, -6.56117e-07, 0.0378587, 0.999283, -3.48425, 11.7578, 0.113098)
bones/15/handle_offset = Vector2(0.899042, 0.521389)
bones/15/group = &""
bones/15/require = false
bones/16/bone_name = &"mixamorig1_LeftHandIndex2"
bones/16/bone_parent = &"mixamorig1_LeftHandIndex1"
bones/16/tail_direction = 0
bones/16/reference_pose = Transform3D(1, 1.58429e-07, -4.82676e-07, -2.15963e-07, 0.992575, -0.121634, 4.59822e-07, 0.121634, 0.992575, 0.0231073, 3.2984, -3.49432e-05)
bones/16/handle_offset = Vector2(0.915314, 0.518231)
bones/16/group = &""
bones/16/require = false
bones/17/bone_name = &"mixamorig1_LeftHandIndex3"
bones/17/bone_parent = &"mixamorig1_LeftHandIndex2"
bones/17/tail_direction = 0
bones/17/reference_pose = Transform3D(1, -9.78078e-08, 2.24252e-07, 1.08946e-07, 0.998738, -0.0502174, -2.19057e-07, 0.0502174, 0.998738, -0.00681233, 3.08105, -1.5378e-05)
bones/17/handle_offset = Vector2(0.930187, 0.515394)
bones/17/group = &""
bones/17/require = false
bones/18/bone_name = &"mixamorig1_LeftHandIndex4"
bones/18/bone_parent = &"mixamorig1_LeftHandIndex3"
bones/18/tail_direction = 0
bones/18/reference_pose = Transform3D(1, 2.23517e-08, -7.45058e-09, -2.23517e-08, 1, -1.21072e-08, 7.45058e-09, 1.21072e-08, 1, -0.0162988, 2.71208, 2.74181e-06)
bones/18/handle_offset = Vector2(0.943105, 0.512948)
bones/18/group = &""
bones/18/require = false
bones/19/bone_name = &"mixamorig1_LeftHandMiddle1"
bones/19/bone_parent = &"mixamorig1_LeftHand"
bones/19/tail_direction = 0
bones/19/reference_pose = Transform3D(0.999996, 0.0029339, -0.000269656, -0.00294626, 0.995794, -0.0915689, -1.32233e-07, 0.0915693, 0.995799, -1.02933, 12.3472, -0.315827)
bones/19/handle_offset = Vector2(0.903287, 0.533186)
bones/19/group = &""
bones/19/require = false
bones/20/bone_name = &"mixamorig1_LeftHandMiddle2"
bones/20/bone_parent = &"mixamorig1_LeftHandMiddle1"
bones/20/tail_direction = 0
bones/20/reference_pose = Transform3D(1, 6.83669e-08, -1.02601e-07, -7.87821e-08, 0.99445, -0.10521, 9.4839e-08, 0.10521, 0.99445, 0.00993764, 3.43211, 5.99027e-06)
bones/20/handle_offset = Vector2(0.920392, 0.53199)
bones/20/group = &""
bones/20/require = false
bones/21/bone_name = &"mixamorig1_LeftHandMiddle3"
bones/21/bone_parent = &"mixamorig1_LeftHandMiddle2"
bones/21/tail_direction = 0
bones/21/reference_pose = Transform3D(1, -8.68899e-08, 4.14072e-08, 8.44735e-08, 0.998477, 0.0551613, -4.61371e-08, -0.0551613, 0.998477, -0.00997221, 3.16095, -7.20993e-05)
bones/21/handle_offset = Vector2(0.935796, 0.531003)
bones/21/group = &""
bones/21/require = false
bones/22/bone_name = &"mixamorig1_LeftHandMiddle4"
bones/22/bone_parent = &"mixamorig1_LeftHandMiddle3"
bones/22/tail_direction = 0
bones/22/reference_pose = Transform3D(1, 3.72529e-09, -4.65661e-09, -3.72529e-09, 1, 1.39698e-09, 4.65661e-09, -1.39698e-09, 1, 3.88026e-05, 2.87638, -7.80076e-06)
bones/22/handle_offset = Vector2(0.95, 0.530049)
bones/22/group = &""
bones/22/require = false
bones/23/bone_name = &"mixamorig1_LeftHandRing1"
bones/23/bone_parent = &"mixamorig1_LeftHand"
bones/23/tail_direction = 0
bones/23/reference_pose = Transform3D(0.998875, 0.0459972, -0.0115556, -0.0474266, 0.968772, -0.243376, 1.43889e-07, 0.24365, 0.969863, 1.2668, 12.5058, -0.277152)
bones/23/handle_offset = Vector2(0.905149, 0.544641)
bones/23/group = &""
bones/23/require = false
bones/24/bone_name = &"mixamorig1_LeftHandRing2"
bones/24/bone_parent = &"mixamorig1_LeftHandRing1"
bones/24/tail_direction = 0
bones/24/reference_pose = Transform3D(1, -8.19887e-08, 6.68886e-07, 3.16326e-08, 0.997188, 0.0749389, -6.7315e-07, -0.0749389, 0.997188, -0.00658298, 2.72614, 8.56817e-05)
bones/24/handle_offset = Vector2(0.918289, 0.544478)
bones/24/group = &""
bones/24/require = false
bones/25/bone_name = &"mixamorig1_LeftHandRing3"
bones/25/bone_parent = &"mixamorig1_LeftHandRing2"
bones/25/tail_direction = 0
bones/25/reference_pose = Transform3D(1, -4.12047e-07, 1.86779e-07, 4.11242e-07, 0.999991, 0.00428808, -1.88544e-07, -0.00428808, 0.999991, 0.00340796, 2.6203, -3.8445e-06)
bones/25/handle_offset = Vector2(0.931185, 0.544251)
bones/25/group = &""
bones/25/require = false
bones/26/bone_name = &"mixamorig1_LeftHandRing4"
bones/26/bone_parent = &"mixamorig1_LeftHandRing3"
bones/26/tail_direction = 0
bones/26/reference_pose = Transform3D(1, 3.72529e-09, -3.72529e-09, -3.72529e-09, 1, -5.70435e-09, 3.72529e-09, 5.70435e-09, 1, 0.00317097, 2.2269, 8.31485e-06)
bones/26/handle_offset = Vector2(0.942157, 0.544054)
bones/26/group = &""
bones/26/require = false
bones/27/bone_name = &"mixamorig1_LeftHandPinky1"
bones/27/bone_parent = &"mixamorig1_LeftHand"
bones/27/tail_direction = 0
bones/27/reference_pose = Transform3D(0.994412, 0.103643, -0.0200415, -0.105563, 0.976327, -0.188793, -1.58325e-08, 0.189854, 0.981812, 3.24681, 11.1019, -0.112766)
bones/27/handle_offset = Vector2(0.898965, 0.555261)
bones/27/group = &""
bones/27/require = false
bones/28/bone_name = &"mixamorig1_LeftHandPinky2"
bones/28/bone_parent = &"mixamorig1_LeftHandPinky1"
bones/28/tail_direction = 0
bones/28/reference_pose = Transform3D(1, -3.48972e-07, -4.601e-07, 3.11336e-07, 0.996843, -0.0794038, 4.86357e-07, 0.0794038, 0.996843, 0.00841892, 2.73466, -2.52724e-05)
bones/28/handle_offset = Vector2(0.91237, 0.555869)
bones/28/group = &""
bones/28/require = false
bones/29/bone_name = &"mixamorig1_LeftHandPinky3"
bones/29/bone_parent = &"mixamorig1_LeftHandPinky2"
bones/29/tail_direction = 0
bones/29/reference_pose = Transform3D(1, 1.0044e-08, 4.34406e-07, 1.66209e-09, 0.999637, -0.026939, -4.34519e-07, 0.026939, 0.999637, -0.00291276, 2.19388, -9.63807e-05)
bones/29/handle_offset = Vector2(0.922872, 0.556401)
bones/29/group = &""
bones/29/require = false
bones/30/bone_name = &"mixamorig1_LeftHandPinky4"
bones/30/bone_parent = &"mixamorig1_LeftHandPinky3"
bones/30/tail_direction = 0
bones/30/reference_pose = Transform3D(1, -1.39698e-09, -6.98492e-10, 1.39698e-09, 1, 2.56114e-08, 6.98492e-10, -2.56114e-08, 1, -0.00551486, 1.97555, 1.36495e-05)
bones/30/handle_offset = Vector2(0.932239, 0.556894)
bones/30/group = &""
bones/30/require = false
bones/31/bone_name = &"mixamorig1_RightShoulder"
bones/31/bone_parent = &"mixamorig1_Spine2"
bones/31/tail_direction = 0
bones/31/reference_pose = Transform3D(-0.028401, -0.964558, 0.262336, 0.00011307, -0.262445, -0.964947, 0.999596, -0.0273758, 0.00756276, -6.14013, 12.9938, -0.175979)
bones/31/handle_offset = Vector2(0.468892, 0.540566)
bones/31/group = &""
bones/31/require = false
bones/32/bone_name = &"mixamorig1_RightArm"
bones/32/bone_parent = &"mixamorig1_RightShoulder"
bones/32/tail_direction = 0
bones/32/reference_pose = Transform3D(0.998925, -0.0454329, -0.00922338, 0.0463596, 0.978958, 0.198724, 6.88247e-07, -0.198938, 0.980012, 2.06232e-05, 13.006, -1.16229e-05)
bones/32/handle_offset = Vector2(0.405404, 0.540271)
bones/32/group = &""
bones/32/require = false
bones/33/bone_name = &"mixamorig1_RightForeArm"
bones/33/bone_parent = &"mixamorig1_RightArm"
bones/33/tail_direction = 0
bones/33/reference_pose = Transform3D(0.993221, 0.115681, 0.0114329, -0.116245, 0.988405, 0.0976847, 6.0536e-09, -0.0983515, 0.995152, -2.31266e-05, 25.5711, 0.000109971)
bones/33/handle_offset = Vector2(0.276621, 0.548728)
bones/33/group = &""
bones/33/require = false
bones/34/bone_name = &"mixamorig1_RightHand"
bones/34/bone_parent = &"mixamorig1_RightForeArm"
bones/34/tail_direction = 0
bones/34/reference_pose = Transform3D(0.974485, 0.04354, -0.22019, -0.0675587, 0.99241, -0.102754, 0.214045, 0.115008, 0.97003, 7.08103e-05, 23.4017, 4.92334e-05)
bones/34/handle_offset = Vector2(0.158364, 0.544112)
bones/34/group = &""
bones/34/require = false
bones/35/bone_name = &"mixamorig1_RightHandThumb1"
bones/35/bone_parent = &"mixamorig1_RightHand"
bones/35/tail_direction = 0
bones/35/reference_pose = Transform3D(0.872429, 0.474703, -0.116294, -0.488741, 0.847372, -0.207591, 2.83122e-07, 0.237946, 0.971278, 2.88502, 4.0543, 1.21197)
bones/35/handle_offset = Vector2(0.139865, 0.528373)
bones/35/group = &""
bones/35/require = false
bones/36/bone_name = &"mixamorig1_RightHandThumb2"
bones/36/bone_parent = &"mixamorig1_RightHandThumb1"
bones/36/tail_direction = 0
bones/36/reference_pose = Transform3D(1, 7.5912e-07, -1.33142e-06, -9.78728e-07, 0.984816, -0.1736, 1.17942e-06, 0.1736, 0.984816, 0.428407, 4.07485, -6.02305e-05)
bones/36/handle_offset = Vector2(0.125066, 0.515781)
bones/36/group = &""
bones/36/require = false
bones/37/bone_name = &"mixamorig1_RightHandThumb3"
bones/37/bone_parent = &"mixamorig1_RightHandThumb2"
bones/37/tail_direction = 0
bones/37/reference_pose = Transform3D(1, -6.08132e-07, 9.8106e-08, 5.95137e-07, 0.994901, 0.100855, -1.58939e-07, -0.100855, 0.994901, 0.0364954, 3.53035, 9.58443e-05)
bones/37/handle_offset = Vector2(0.11227, 0.507143)
bones/37/group = &""
bones/37/require = false
bones/38/bone_name = &"mixamorig1_RightHandThumb4"
bones/38/bone_parent = &"mixamorig1_RightHandThumb3"
bones/38/tail_direction = 0
bones/38/reference_pose = Transform3D(1, -7.82311e-08, -9.31323e-08, 7.82311e-08, 1, 7.45058e-09, 9.31323e-08, -7.45058e-09, 1, -0.464906, 2.87354, -4.64916e-06)
bones/38/handle_offset = Vector2(0.0999045, 0.50171)
bones/38/group = &""
bones/38/require = false
bones/39/bone_name = &"mixamorig1_RightHandIndex1"
bones/39/bone_parent = &"mixamorig1_RightHand"
bones/39/tail_direction = 0
bones/39/reference_pose = Transform3D(0.998107, 0.0612501, -0.00547531, -0.0614944, 0.994143, -0.0888672, 1.16648e-07, 0.0890357, 0.996028, 3.61441, 12.3466, -0.00785975)
bones/39/handle_offset = Vector2(0.0981997, 0.520047)
bones/39/group = &""
bones/39/require = false
bones/40/bone_name = &"mixamorig1_RightHandIndex2"
bones/40/bone_parent = &"mixamorig1_RightHandIndex1"
bones/40/tail_direction = 0
bones/40/reference_pose = Transform3D(1, -4.72543e-07, -5.4365e-07, 4.25252e-07, 0.996472, -0.0839204, 5.81388e-07, 0.0839204, 0.996472, -0.0118686, 3.11735, 9.98378e-07)
bones/40/handle_offset = Vector2(0.0828036, 0.517806)
bones/40/group = &""
bones/40/require = false
bones/41/bone_name = &"mixamorig1_RightHandIndex3"
bones/41/bone_parent = &"mixamorig1_RightHandIndex2"
bones/41/tail_direction = 0
bones/41/reference_pose = Transform3D(1, 6.44359e-07, 7.3673e-08, -6.44592e-07, 0.999995, 0.00319592, -7.16133e-08, -0.00319592, 0.999995, 0.00661349, 2.85604, -8.13603e-06)
bones/41/handle_offset = Vector2(0.0689429, 0.515821)
bones/41/group = &""
bones/41/require = false
bones/42/bone_name = &"mixamorig1_RightHandIndex4"
bones/42/bone_parent = &"mixamorig1_RightHandIndex3"
bones/42/tail_direction = 0
bones/42/reference_pose = Transform3D(1, -1.76951e-08, -1.86265e-09, 1.76951e-08, 1, -1.76951e-08, 1.86265e-09, 1.76951e-08, 1, 0.00525451, 2.5346, -2.41995e-05)
bones/42/handle_offset = Vector2(0.0566322, 0.514058)
bones/42/group = &""
bones/42/require = false
bones/43/bone_name = &"mixamorig1_RightHandMiddle1"
bones/43/bone_parent = &"mixamorig1_RightHand"
bones/43/tail_direction = 0
bones/43/reference_pose = Transform3D(0.999996, -0.00283432, 0.000139006, 0.00283773, 0.998802, -0.048847, -3.91825e-07, 0.0488472, 0.998806, 0.922337, 12.1764, -0.222323)
bones/43/handle_offset = Vector2(0.0975924, 0.533493)
bones/43/group = &""
bones/43/require = false
bones/44/bone_name = &"mixamorig1_RightHandMiddle2"
bones/44/bone_parent = &"mixamorig1_RightHandMiddle1"
bones/44/tail_direction = 0
bones/44/reference_pose = Transform3D(1, 2.90879e-07, -8.21619e-07, -4.04819e-07, 0.989827, -0.14228, 7.71874e-07, 0.14228, 0.989826, -0.0161537, 3.47917, 7.60853e-05)
bones/44/handle_offset = Vector2(0.0801717, 0.532038)
bones/44/group = &""
bones/44/require = false
bones/45/bone_name = &"mixamorig1_RightHandMiddle3"
bones/45/bone_parent = &"mixamorig1_RightHandMiddle2"
bones/45/tail_direction = 0
bones/45/reference_pose = Transform3D(1, -3.28168e-07, 4.82225e-07, 3.01406e-07, 0.998515, 0.0544843, -4.99389e-07, -0.0544843, 0.998515, 0.0136642, 3.22605, -9.67681e-05)
bones/45/handle_offset = Vector2(0.0644521, 0.530823)
bones/45/group = &""
bones/45/require = false
bones/46/bone_name = &"mixamorig1_RightHandMiddle4"
bones/46/bone_parent = &"mixamorig1_RightHandMiddle3"
bones/46/tail_direction = 0
bones/46/reference_pose = Transform3D(1, 1.39698e-08, 9.31322e-10, -1.39698e-08, 1, -3.11993e-08, -9.31323e-10, 3.11993e-08, 1, 0.00248647, 2.92796, 1.48863e-05)
bones/46/handle_offset = Vector2(0.05, 0.529672)
bones/46/group = &""
bones/46/require = false
bones/47/bone_name = &"mixamorig1_RightHandRing1"
bones/47/bone_parent = &"mixamorig1_RightHand"
bones/47/tail_direction = 0
bones/47/reference_pose = Transform3D(0.995966, -0.0888331, 0.0126674, 0.0897317, 0.985992, -0.1406, 2.79397e-08, 0.14117, 0.989985, -1.21663, 12.282, -0.151007)
bones/47/handle_offset = Vector2(0.0959749, 0.544192)
bones/47/group = &""
bones/47/require = false
bones/48/bone_name = &"mixamorig1_RightHandRing2"
bones/48/bone_parent = &"mixamorig1_RightHandRing1"
bones/48/tail_direction = 0
bones/48/reference_pose = Transform3D(1, 2.50915e-07, 8.26669e-09, -2.49206e-07, 0.996096, -0.0882721, -3.03832e-08, 0.0882721, 0.996096, -0.00370491, 2.82165, -9.57251e-05)
bones/48/handle_offset = Vector2(0.0819895, 0.544341)
bones/48/group = &""
bones/48/require = false
bones/49/bone_name = &"mixamorig1_RightHandRing3"
bones/49/bone_parent = &"mixamorig1_RightHandRing2"
bones/49/tail_direction = 0
bones/49/reference_pose = Transform3D(1, -2.54554e-07, 4.15032e-07, 2.1297e-07, 0.995257, 0.0972835, -4.37827e-07, -0.0972835, 0.995257, 0.00779021, 2.68767, 6.99461e-05)
bones/49/handle_offset = Vector2(0.0689633, 0.544556)
bones/49/group = &""
bones/49/require = false
bones/50/bone_name = &"mixamorig1_RightHandRing4"
bones/50/bone_parent = &"mixamorig1_RightHandRing3"
bones/50/tail_direction = 0
bones/50/reference_pose = Transform3D(1, -1.39698e-09, 4.19095e-09, 1.39698e-09, 1, -1.95578e-08, -4.19095e-09, 1.95578e-08, 1, -0.00408864, 2.36844, 2.22325e-05)
bones/50/handle_offset = Vector2(0.0572028, 0.544675)
bones/50/group = &""
bones/50/require = false
bones/51/bone_name = &"mixamorig1_RightHandPinky1"
bones/51/bone_parent = &"mixamorig1_RightHand"
bones/51/tail_direction = 0
bones/51/reference_pose = Transform3D(0.99325, -0.114303, 0.0197353, 0.115994, 0.978769, -0.16899, -3.32482e-07, 0.170139, 0.98542, -3.3204, 11.1946, -0.138033)
bones/51/handle_offset = Vector2(0.100352, 0.555259)
bones/51/group = &""
bones/51/require = false
bones/52/bone_name = &"mixamorig1_RightHandPinky2"
bones/52/bone_parent = &"mixamorig1_RightHandPinky1"
bones/52/tail_direction = 0
bones/52/reference_pose = Transform3D(1, -3.28276e-08, -2.64179e-07, 7.00053e-10, 0.992689, -0.120704, 2.6621e-07, 0.120704, 0.992688, -0.00805736, 2.64035, 2.50936e-05)
bones/52/handle_offset = Vector2(0.0873507, 0.55581)
bones/52/group = &""
bones/52/require = false
bones/53/bone_name = &"mixamorig1_RightHandPinky3"
bones/53/bone_parent = &"mixamorig1_RightHandPinky2"
bones/53/tail_direction = 0
bones/53/reference_pose = Transform3D(1, -2.50817e-07, -6.0439e-08, 2.53028e-07, 0.999204, 0.0398798, 5.03884e-08, -0.0398798, 0.999204, 0.00557816, 2.14912, 2.23517e-05)
bones/53/handle_offset = Vector2(0.0771472, 0.55633)
bones/53/group = &""
bones/53/require = false
bones/54/bone_name = &"mixamorig1_RightHandPinky4"
bones/54/bone_parent = &"mixamorig1_RightHandPinky3"
bones/54/tail_direction = 0
bones/54/reference_pose = Transform3D(1, -1.39698e-09, -6.98492e-09, 1.39698e-09, 1, -5.12227e-09, 6.98492e-09, 5.12227e-09, 1, 0.00247645, 1.88844, -1.97291e-05)
bones/54/handle_offset = Vector2(0.0680568, 0.556762)
bones/54/group = &""
bones/54/require = false
bones/55/bone_name = &"mixamorig1_LeftUpLeg"
bones/55/bone_parent = &"mixamorig1_Hips"
bones/55/tail_direction = 0
bones/55/reference_pose = Transform3D(-0.996189, 0.0874738, -2.54778e-05, -0.087299, -0.994173, -0.0632388, -0.00555712, -0.0629935, 0.99801, 8.0782, -5.40237, -0.535866)
bones/55/handle_offset = Vector2(0.540847, 0.51356)
bones/55/group = &""
bones/55/require = false
bones/56/bone_name = &"mixamorig1_LeftLeg"
bones/56/bone_parent = &"mixamorig1_LeftUpLeg"
bones/56/tail_direction = 0
bones/56/reference_pose = Transform3D(0.999969, 0.00785498, 1.71859e-05, -0.00785496, 0.999955, 0.00531908, 2.45961e-05, -0.00531906, 0.999986, -3.0162e-06, 42.7899, -2.07743e-07)
bones/56/handle_offset = Vector2(0.55979, 0.527201)
bones/56/group = &""
bones/56/require = false
bones/57/bone_name = &"mixamorig1_LeftFoot"
bones/57/bone_parent = &"mixamorig1_LeftLeg"
bones/57/tail_direction = 0
bones/57/reference_pose = Transform3D(0.999425, -0.0291678, -0.0172744, -4.61005e-07, 0.509568, -0.860431, 0.0338994, 0.859936, 0.509275, -3.09758e-06, 42.1737, 7.78073e-06)
bones/57/handle_offset = Vector2(0.576788, 0.541787)
bones/57/group = &""
bones/57/require = false
bones/58/bone_name = &"mixamorig1_LeftToeBase"
bones/58/bone_parent = &"mixamorig1_LeftFoot"
bones/58/tail_direction = 0
bones/58/reference_pose = Transform3D(0.993024, -0.0655792, -0.097997, -1.34855e-06, 0.831072, -0.556164, 0.117915, 0.552284, 0.825274, 3.97116e-06, 16.1821, -5.1856e-06)
bones/58/handle_offset = Vector2(0.582523, 0.474369)
bones/58/group = &""
bones/58/require = false
bones/59/bone_name = &"mixamorig1_LeftToe_End"
bones/59/bone_parent = &"mixamorig1_LeftToeBase"
bones/59/tail_direction = 0
bones/59/reference_pose = Transform3D(1, -1.50831e-08, 2.22618e-06, 1.50831e-08, 1, -6.86849e-09, -2.22618e-06, 6.86852e-09, 1, -1.02632e-06, 6.20579, -4.47035e-08)
bones/59/handle_offset = Vector2(0.585516, 0.443106)
bones/59/group = &""
bones/59/require = false
bones/60/bone_name = &"mixamorig1_RightUpLeg"
bones/60/bone_parent = &"mixamorig1_Hips"
bones/60/tail_direction = 0
bones/60/reference_pose = Transform3D(-0.996185, -0.0875024, 1.86639e-05, 0.0873567, -0.994497, -0.057839, 0.00507968, -0.057615, 0.998335, -8.0782, -5.4024, -0.751774)
bones/60/handle_offset = Vector2(0.459083, 0.514652)
bones/60/group = &""
bones/60/require = false
bones/61/bone_name = &"mixamorig1_RightLeg"
bones/61/bone_parent = &"mixamorig1_RightUpLeg"
bones/61/tail_direction = 0
bones/61/reference_pose = Transform3D(0.999969, -0.00788895, -7.79704e-05, 0.0078893, 0.999887, 0.0127614, -2.27128e-05, -0.0127617, 0.999918, -5.88945e-07, 42.7759, 6.51489e-07)
bones/61/handle_offset = Vector2(0.440141, 0.527125)
bones/61/group = &""
bones/61/require = false
bones/62/bone_name = &"mixamorig1_RightFoot"
bones/62/bone_parent = &"mixamorig1_RightLeg"
bones/62/tail_direction = 0
bones/62/reference_pose = Transform3D(0.999447, 0.0286891, 0.0167858, 1.2042e-06, 0.504973, -0.863135, -0.0332389, 0.862658, 0.504694, -1.64565e-06, 42.1797, -4.55417e-07)
bones/62/handle_offset = Vector2(0.423142, 0.54215)
bones/62/group = &""
bones/62/require = false
bones/63/bone_name = &"mixamorig1_RightToeBase"
bones/63/bone_parent = &"mixamorig1_RightFoot"
bones/63/tail_direction = 0
bones/63/reference_pose = Transform3D(0.992819, 0.0662042, 0.0996411, 2.06009e-06, 0.832901, -0.553422, -0.11963, 0.549448, 0.826919, -8.55699e-06, 16.2603, 6.55651e-06)
bones/63/handle_offset = Vector2(0.417407, 0.474253)
bones/63/group = &""
bones/63/require = false
bones/64/bone_name = &"mixamorig1_RightToe_End"
bones/64/bone_parent = &"mixamorig1_RightToeBase"
bones/64/tail_direction = 0
bones/64/reference_pose = Transform3D(1, 7.41275e-08, -2.19748e-06, -7.41274e-08, 1, 5.72182e-08, 2.19748e-06, -5.7218e-08, 1, 7.21775e-07, 6.17995, -2.98023e-08)
bones/64/handle_offset = Vector2(0.414414, 0.443122)
bones/64/group = &""
bones/64/require = false
